'J': np.array([
    [1, 1, 1, 1, 1],
    [-1, -1, -1, 1, -1],
    [-1, -1, -1, 1, -1],
    [1, -1, -1, 1, -1],
    [1, 1, 1, -1, -1]
]),
'A': np.array([
    [-1, 1, 1, 1, -1],
    [1, -1, -1, -1, 1],
    [1, 1, 1, 1, 1],
    [1, -1, -1, -1, 1],
    [1, -1, -1, -1, 1]
]),
'F': np.array([
    [1, 1, 1, 1, 1],
    [1, -1, -1, -1, -1],
    [1, 1, 1, 1, -1],
    [1, -1, -1, -1, -1],
    [1, -1, -1, -1, -1]
])
'T': np.array([
    [1, 1, 1, 1, 1],
    [-1, -1, 1, -1, -1],
    [-1, -1, 1, -1, -1],
    [-1, -1, 1, -1, -1],
    [-1, -1, 1, -1, -1]
])

'D': np.array([
    [1, 1, 1, 1, -1],
    [1, -1, -1, -1, 1],
    [1, -1, -1, -1, 1],
    [1, -1, -1, -1, 1],
    [1, 1, 1, 1, -1]
])

'G': np.array([
    [1, 1, 1, 1, 1],
    [1, -1, -1, -1, -1],
    [1, -1, 1, 1, 1],
    [1, -1, -1, -1, 1],
    [1, 1, 1, 1, 1]
])